C:\repos\11039850\monalisa-orm Array2DRowRealMatrix{{1.0,0.9131601419,0.3318662164,0.0086075926,0.1889446877,0.1725295333,0.1438452447,-0.0171146814,0.5793553225,0.2654543063}}
C:\repos\aalmiray\Json-lib Array2DRowRealMatrix{{0.9131601419,1.0,-0.0183338924,0.0262634053,0.2514816706,0.0178144811,0.0322761344,0.0477687979,0.4541624017,0.107724664}}
C:\repos\abashev\vfs-s3 Array2DRowRealMatrix{{0.3318662164,-0.0183338924,1.0,0.0636309094,0.1311036122,0.0521397406,0.0380458232,0.0372447094,0.1822503207,0.0552689828}}
C:\repos\abstratt\textuml Array2DRowRealMatrix{{0.0086075926,0.0262634053,0.0636309094,1.0,0.0005173122,0.007288507,0.0259922053,0.0081951259,0.0295564624,0.0200694385}}
C:\repos\Aconex\scrutineer Array2DRowRealMatrix{{0.1889446877,0.2514816706,0.1311036122,0.0005173122,1.0,0.2080399752,0.0664225192,0.9419751202,0.0387750073,-0.3729582339}}
C:\repos\airlift\airship Array2DRowRealMatrix{{0.1725295333,0.0178144811,0.0521397406,0.007288507,0.2080399752,1.0,0.0989785081,0.1524356733,0.0444279022,0.074203045}}
C:\repos\AKSW\jena-sparql-api Array2DRowRealMatrix{{0.1438452447,0.0322761344,0.0380458232,0.0259922053,0.0664225192,0.0989785081,1.0,0.3001941832,0.8770364862,0.8723590934}}
C:\repos\AKSW\RDFUnit Array2DRowRealMatrix{{-0.0171146814,0.0477687979,0.0372447094,0.0081951259,0.9419751202,0.1524356733,0.3001941832,1.0,0.1395881472,-0.1912082982}}
C:\repos\AKSW\SPARQL2NL Array2DRowRealMatrix{{0.5793553225,0.4541624017,0.1822503207,0.0295564624,0.0387750073,0.0444279022,0.8770364862,0.1395881472,1.0,0.8735833983}}
C:\repos\AKSW\Sparqlify Array2DRowRealMatrix{{0.2654543063,0.107724664,0.0552689828,0.0200694385,-0.3729582339,0.074203045,0.8723590934,-0.1912082982,0.8735833983,1.0}}
