1.0
9.0
32.0
11.0
10.0
8.0
38.0
5.0
2.0
1.0
1.0
1.0
4.0
1.0
6.0
4.0
25.0
5.0
2.0
4.0
4.0
13.0
7.0
16.0
5.0
14.0
9.0
4.0
5.0
4.0
4.0
4.0
4.0
4.0
4.0
4.0
4.0
4.0
4.0
4.0
4.0
4.0
4.0
7.0
5.0
5.0
4.0
4.0
4.0
4.0
4.0
4.0
4.0
4.0
5.0
4.0
4.0
4.0
4.0
7.0
5.0
4.0
4.0
5.0
5.0
4.0
6.0
16.0
2.0
2.0
2.0
2.0
2.0
4.0
1.0
1.0
1.0
1.0
1.0
9.0
6.0
6.0
11.0
9.0
2.0
2.0
2.0
2.0
8.0
2.0
2.0
3.0
3.0
1.0
14.0
9.0
88.0
8.0
37.0
14.0
5.0
5.0
2.0
2.0
6.0
7.0
4.0
6.0
4.0
2.0
5.0
3.0
1.0
1.0
1.0
1.0
1.0
1.0
1.0
1.0
4.0
6.0
2.0
2.0
2.0
2.0
2.0
2.0
2.0
2.0
2.0
3.0
31.0
5.0
2.0
2.0
1.0
1.0
2.0
2.0
1.0
1.0
2.0
2.0
1.0
1.0
1.0
1.0
2.0
2.0
1.0
1.0
2.0
2.0
1.0
1.0
2.0
2.0
1.0
1.0
2.0
2.0
1.0
1.0
1.0
1.0
1.0
1.0
1.0
1.0
1.0
1.0
1.0
1.0
2.0
2.0
1.0
1.0
1.0
1.0
1.0
1.0
1.0
1.0
2.0
2.0
2.0
2.0
2.0
2.0
4.0
1.0
1.0
1.0
1.0
1.0
1.0
6.0
1.0
1.0
1.0
46.0
8.0
1.0
2.0
1.0
4.0
2.0
2.0
1.0
1.0
1.0
1.0
1.0
1.0
1.0
1.0
2.0
1.0
1.0
1.0
1.0
1.0
1.0
1.0
1.0
11.0
5.0
3.0
3.0
5.0
5.0
1.0
2.0
2.0
1.0
1.0
1.0
1.0
1.0
1.0
2.0
1.0
1.0
1.0
1.0
8.0
4.0
1.0
1.0
1.0
1.0
1.0
2.0
1.0
1.0
1.0
1.0
1.0
2.0
2.0
1.0
1.0
4.0
1.0
1.0
1.0
1.0
11.0
1.0
1.0
1.0
3.0
1.0
1.0
1.0
1.0
1.0
1.0
5.0
1.0
2.0
1.0
3.0
1.0
1.0
1.0
2.0
1.0
7.0
1.0
1.0
1.0
1.0
3.0
3.0
1.0
2.0
2.0
2.0
1.0
1.0
1.0
1.0
1.0
1.0
7.0
1.0
1.0
1.0
1.0
2.0
1.0
1.0
1.0
1.0
1.0
1.0
3.0
1.0
1.0
1.0
1.0
1.0
2.0
1.0
1.0
1.0
1.0
1.0
1.0
1.0
1.0
1.0
1.0
1.0
1.0
1.0
1.0
1.0
1.0
1.0
1.0
1.0
1.0
1.0
1.0
1.0
1.0
1.0
1.0
1.0
1.0
1.0
1.0
1.0
1.0
1.0
1.0
1.0
1.0
1.0
1.0
1.0
1.0
1.0
1.0
1.0
2.0
1.0
36.0
16.0
1.0
1.0
1.0
1.0
1.0
1.0
1.0
2.0
2.0
14.0
10.0
9.0
1.0
1.0
4.0
6.0
1.0
2.0
1.0
3.0
2.0
1.0
7.0
4.0
1.0
3.0
6.0
5.0
4.0
2.0
9.0
2.0
4.0
28.0
2.0
2.0
1.0
3.0
5.0
1.0
6.0
2.0
6.0
10.0
1.0
2.0
2.0
1.0
1.0
1.0
2.0
1.0
1.0
1.0
4.0
1.0
1.0
3.0
1.0
1.0
1.0
1.0
7.0
8.0
1.0
1.0
4.0
2.0
3.0
1.0
4.0
2.0
1.0
1.0
2.0
1.0
1.0
1.0
1.0
5.0
3.0
1.0
2.0
1.0
1.0
1.0
3.0
1.0
1.0
4.0
1.0
1.0
1.0
1.0
1.0
1.0
1.0
1.0
1.0
1.0
1.0
1.0
1.0
1.0
1.0
1.0
1.0
1.0
1.0
1.0
1.0
1.0
1.0
16.0
5.0
16.0
3.0
3.0
1.0
1.0
1.0
1.0
1.0
1.0
28.0
16.0
16.0
16.0
8.0
11.0
11.0
8.0
8.0
8.0
8.0
8.0
1.0
